     1.00000    0.40617
     0.98625    0.19466
     0.96622    0.13189
     0.94271    0.08008
     0.91744    0.04041
     0.89150    0.00758
     0.86532   -0.02065
     0.83905   -0.04578
     0.81275   -0.06877
     0.78642   -0.09023
     0.76008   -0.11063
     0.73374   -0.13030
     0.70740   -0.14948
     0.68106   -0.16837
     0.65473   -0.18714
     0.62842   -0.20591
     0.60213   -0.22479
     0.57586   -0.24387
     0.54962   -0.26324
     0.52342   -0.28295
     0.49727   -0.30305
     0.47117   -0.32360
     0.44513   -0.34464
     0.41915   -0.36619
     0.39326   -0.38829
     0.36746   -0.41095
     0.34177   -0.43420
     0.31621   -0.45805
     0.29079   -0.48252
     0.26555   -0.50763
     0.24051   -0.53340
     0.21574   -0.55987
     0.19130   -0.58707
     0.16730   -0.61503
     0.14389   -0.64374
     0.12137   -0.67306
     0.10017   -0.70255
     0.08093   -0.73112
     0.06427   -0.75699
     0.05047   -0.77791
     0.03938   -0.79159
     0.03054   -0.79561
     0.02344   -0.78675
     0.01769   -0.76018
     0.01299   -0.70848
     0.00915   -0.62057
     0.00604   -0.48133
     0.00360   -0.27447
     0.00179    0.00698
     0.00062    0.33830
     0.00007    0.65231
     0.00007    0.87654
     0.00062    0.98980
     0.00179    0.98125
     0.00360    0.88432
     0.00604    0.74709
     0.00915    0.60298
     0.01299    0.46787
     0.01769    0.34700
     0.02344    0.24075
     0.03054    0.14783
     0.03938    0.06679
     0.05047   -0.00327
     0.06427   -0.06242
     0.08093   -0.11029
     0.10017   -0.14696
     0.12137   -0.17353
     0.14389   -0.19177
     0.16730   -0.20353
     0.19130   -0.21031
     0.21574   -0.21327
     0.24051   -0.21328
     0.26555   -0.21098
     0.29079   -0.20688
     0.31621   -0.20136
     0.34177   -0.19473
     0.36746   -0.18721
     0.39326   -0.17900
     0.41915   -0.17025
     0.44513   -0.16109
     0.47117   -0.15159
     0.49727   -0.14185
     0.52342   -0.13189
     0.54962   -0.12177
     0.57586   -0.11148
     0.60213   -0.10103
     0.62842   -0.09039
     0.65473   -0.07954
     0.68106   -0.06839
     0.70740   -0.05689
     0.73374   -0.04489
     0.76008   -0.03227
     0.78642   -0.01880
     0.81275   -0.00422
     0.83905    0.01187
     0.86532    0.03005
     0.89150    0.05116
     0.91744    0.07660
     0.94271    0.10856
     0.96622    0.15211
     0.98625    0.20716
     1.00000    0.40617
